NNNP 0.010416666666666666 0 0.010416666666666666
NNN 0.03125 0 0.020833333333333332
NNN 0.041666666666666664 0 0.03125
VVAUX 0.020833333333333332 0 0.041666666666666664
NNNP 0.010416666666666666 0 0.052083333333333336
NNN 0.010416666666666666 0 0.0625
NNNP 0.010416666666666666 0 0.07291666666666667
NNN 0.010416666666666666 0 0.08333333333333333
NNN 0.010416666666666666 0 0.09375
NNN 0.010416666666666666 0 0.10416666666666667
NNN 0.010416666666666666 0 0.11458333333333333
NNN 0.010416666666666666 0 0.125
NNN 0.010416666666666666 0 0.16666666666666666
NNN 0.010416666666666666 0 0.17708333333333334
NNN 0.010416666666666666 0 0.1875
VVAUX 0.03125 0 0.19791666666666666
NNN 0.010416666666666666 0 0.20833333333333334
NNN 0.010416666666666666 0 0.22916666666666666
NNN 0.010416666666666666 0 0.23958333333333334
NNN 0.010416666666666666 0 0.25
NNN 0.041666666666666664 0 0.2604166666666667
NNN 0.010416666666666666 0 0.2708333333333333
NNNP 0.010416666666666666 0 0.28125
NNN 0.010416666666666666 0 0.3020833333333333
NNN 0.010416666666666666 0 0.3125
NNNP 0.010416666666666666 0 0.3333333333333333
NNN 0.010416666666666666 0 0.34375
NNNP 0.010416666666666666 0 0.3541666666666667
NNN 0.010416666666666666 0 0.3645833333333333
NNN 0.010416666666666666 0 0.375
NNN 0.010416666666666666 0 0.3854166666666667
NNN 0.010416666666666666 0 0.3958333333333333
NNN 0.010416666666666666 0 0.40625
NNN 0.020833333333333332 0 0.4166666666666667
NNN 0.020833333333333332 0 0.4270833333333333
NNN 0.010416666666666666 0 0.4375
NNN 0.010416666666666666 0 0.4479166666666667
NNN 0.010416666666666666 0 0.4583333333333333
NNN 0.010416666666666666 0 0.46875
NNNP 0.010416666666666666 0 0.4791666666666667
NNN 0.010416666666666666 0 0.5
NNN 0.010416666666666666 0 0.5104166666666666
NNN 0.010416666666666666 0 0.5208333333333334
NNN 0.010416666666666666 0 0.53125
NNN 0.010416666666666666 0 0.5416666666666666
VVMVNF 0.010416666666666666 0 0.5520833333333334
NNN 0.010416666666666666 0 0.59375
NNN 0.010416666666666666 0 0.6041666666666666
VVMVNF 0.010416666666666666 0 0.6354166666666666
NNNP 0.010416666666666666 0 0.6458333333333334
NNN 0.010416666666666666 0 0.65625
NNN 0.010416666666666666 0 0.6666666666666666
NNN 0.010416666666666666 0 0.6770833333333334
NNN 0.010416666666666666 0 0.6875
NNN 0.010416666666666666 0 0.6979166666666666
NNNP 0.010416666666666666 0 0.7083333333333334
NNN 0.010416666666666666 0 0.71875
NNN 0.010416666666666666 0 0.7291666666666666
NNN 0.010416666666666666 0 0.75
VVMVNF 0.010416666666666666 0 0.7604166666666666
VVAUX 0.010416666666666666 0 0.7708333333333334
NNN 0.010416666666666666 1 0.78125
